             XT               P               v             tau
1.000000000E-02 2.937467792E-01 3.671834740E-01 5.446868232E-02
2.000000000E-02 2.938660025E-01 3.673325031E-01 1.088931681E-01
3.000000000E-02 2.938689837E-01 3.673362296E-01 1.633380951E-01
4.000000000E-02 2.938290675E-01 3.672863344E-01 2.178137124E-01
5.000000000E-02 2.937609249E-01 3.672011561E-01 2.723302972E-01
6.000000000E-02 2.936694423E-01 3.670868028E-01 3.268981589E-01
7.000000000E-02 2.935567105E-01 3.669458881E-01 3.815276435E-01
8.000000000E-02 2.934237737E-01 3.667797172E-01 4.362291384E-01
9.000000000E-02 2.932564187E-01 3.665705234E-01 4.910378455E-01
1.000000000E-01 2.930862105E-01 3.663577631E-01 5.459144589E-01
1.100000000E-01 2.928848232E-01 3.661060290E-01 6.009188120E-01
1.200000000E-01 2.926665345E-01 3.658331682E-01 6.560367427E-01
1.300000000E-01 2.924309908E-01 3.655387385E-01 7.112789223E-01
1.400000000E-01 2.921779437E-01 3.652224297E-01 7.666560902E-01
1.500000000E-01 2.919072160E-01 3.648840200E-01 8.221790584E-01
1.600000000E-01 2.916110080E-01 3.645137600E-01 8.778818117E-01
1.700000000E-01 2.913051077E-01 3.641313846E-01 9.337289077E-01
1.800000000E-01 2.909745227E-01 3.637181534E-01 9.897773774E-01
1.900000000E-01 2.906267274E-01 3.632834092E-01 1.046015288E+00
2.000000000E-01 2.902615702E-01 3.628269628E-01 1.102453900E+00
2.100000000E-01 2.898734330E-01 3.623417912E-01 1.159126577E+00
2.200000000E-01 2.894735476E-01 3.618419345E-01 1.216000574E+00
2.300000000E-01 2.890511030E-01 3.613138788E-01 1.273131277E+00
2.400000000E-01 2.886114823E-01 3.607643528E-01 1.330508395E+00
2.500000000E-01 2.881501953E-01 3.601877441E-01 1.388164945E+00
2.600000000E-01 2.876720139E-01 3.595900173E-01 1.446091312E+00
2.700000000E-01 2.871768358E-01 3.589710448E-01 1.504299603E+00
2.800000000E-01 2.866645817E-01 3.583307272E-01 1.562802064E+00
2.900000000E-01 2.861315894E-01 3.576644867E-01 1.621631505E+00
3.000000000E-01 2.855817474E-01 3.569771842E-01 1.680779687E+00
3.100000000E-01 2.850149940E-01 3.562687425E-01 1.740259321E+00
3.200000000E-01 2.844281449E-01 3.555351811E-01 1.800103151E+00
3.300000000E-01 2.838245783E-01 3.547807229E-01 1.860304006E+00
3.400000000E-01 2.832042514E-01 3.540053142E-01 1.920875119E+00
3.500000000E-01 2.825643780E-01 3.532054725E-01 1.981849248E+00
3.600000000E-01 2.819079242E-01 3.523849053E-01 2.043220323E+00
3.700000000E-01 2.812323277E-01 3.515404097E-01 2.105021157E+00
3.800000000E-01 2.805403155E-01 3.506753944E-01 2.167246440E+00
3.900000000E-01 2.798295273E-01 3.497869091E-01 2.229929079E+00
4.000000000E-01 2.791047330E-01 3.488809162E-01 2.293046030E+00
4.100000000E-01 2.783591645E-01 3.479489557E-01 2.356667513E+00
4.200000000E-01 2.775974955E-01 3.469968694E-01 2.420771120E+00
4.300000000E-01 2.768197249E-01 3.460246562E-01 2.485372024E+00
4.400000000E-01 2.760239262E-01 3.450299078E-01 2.550503537E+00
4.500000000E-01 2.752121932E-01 3.440152415E-01 2.616163156E+00
4.600000000E-01 2.743827442E-01 3.429784303E-01 2.682384426E+00
4.700000000E-01 2.735375316E-01 3.419219146E-01 2.749165701E+00
4.800000000E-01 2.726765811E-01 3.408457263E-01 2.816523506E+00
4.900000000E-01 2.717966942E-01 3.397458677E-01 2.884508961E+00
5.000000000E-01 2.709013678E-01 3.386267098E-01 2.953104321E+00
5.100000000E-01 2.699906368E-01 3.374882960E-01 3.022327032E+00
5.200000000E-01 2.690630877E-01 3.363288596E-01 3.092211597E+00
5.300000000E-01 2.681203249E-01 3.351504062E-01 3.162759109E+00
5.400000000E-01 2.671610394E-01 3.339512993E-01 3.234004486E+00
5.500000000E-01 2.661854250E-01 3.327317813E-01 3.305966132E+00
5.600000000E-01 2.651949433E-01 3.314936791E-01 3.378646624E+00
5.700000000E-01 2.641884254E-01 3.302355317E-01 3.452081592E+00
5.800000000E-01 2.631672498E-01 3.289590623E-01 3.526274643E+00
5.900000000E-01 2.621303349E-01 3.276629186E-01 3.601261946E+00
6.000000000E-01 2.610778681E-01 3.263473351E-01 3.677063885E+00
6.100000000E-01 2.600111144E-01 3.250138930E-01 3.753685693E+00
6.200000000E-01 2.589291096E-01 3.236613870E-01 3.831164451E+00
6.300000000E-01 2.578320399E-01 3.222900499E-01 3.909521875E+00
6.400000000E-01 2.567210701E-01 3.209013376E-01 3.988764925E+00
6.500000000E-01 2.555953428E-01 3.194941785E-01 4.068931729E+00
6.600000000E-01 2.544550445E-01 3.180688056E-01 4.150045451E+00
6.700000000E-01 2.533012520E-01 3.166265650E-01 4.232114889E+00
6.800000000E-01 2.521332049E-01 3.151665062E-01 4.315179353E+00
6.900000000E-01 2.509510915E-01 3.136888644E-01 4.399263591E+00
7.000000000E-01 2.497559106E-01 3.121948882E-01 4.484378358E+00
7.100000000E-01 2.485462046E-01 3.106827558E-01 4.570578745E+00
7.200000000E-01 2.473237598E-01 3.091546998E-01 4.657862232E+00
7.300000000E-01 2.460886955E-01 3.076108694E-01 4.746256212E+00
7.400000000E-01 2.448397052E-01 3.060496315E-01 4.835816965E+00
7.500000000E-01 2.435784363E-01 3.044730454E-01 4.926544477E+00
7.600000000E-01 2.423043465E-01 3.028804331E-01 5.018481994E+00
7.700000000E-01 2.410176322E-01 3.012720402E-01 5.111659213E+00
7.800000000E-01 2.397184906E-01 2.996481132E-01 5.206106534E+00
7.900000000E-01 2.384077329E-01 2.980096661E-01 5.301841449E+00
8.000000000E-01 2.370843142E-01 2.963553927E-01 5.398923183E+00
8.100000000E-01 2.357496434E-01 2.946870543E-01 5.497357202E+00
8.200000000E-01 2.344033112E-01 2.930041390E-01 5.597190558E+00
8.300000000E-01 2.330460643E-01 2.913075804E-01 5.698444228E+00
8.400000000E-01 2.316770085E-01 2.895962606E-01 5.801179879E+00
8.500000000E-01 2.302974198E-01 2.878717747E-01 5.905407022E+00
8.600000000E-01 2.289064724E-01 2.861330905E-01 6.011188699E+00
8.700000000E-01 2.275053818E-01 2.843817272E-01 6.118536577E+00
8.800000000E-01 2.260938515E-01 2.826173143E-01 6.227502389E+00
8.900000000E-01 2.246720963E-01 2.808401203E-01 6.338125756E+00
9.000000000E-01 2.232403326E-01 2.790504157E-01 6.450447298E+00
9.100000000E-01 2.217987783E-01 2.772484729E-01 6.564508656E+00
9.200000000E-01 2.203476531E-01 2.754345663E-01 6.680352522E+00
9.300000000E-01 2.188875769E-01 2.736094711E-01 6.798010291E+00
9.400000000E-01 2.174179627E-01 2.717724534E-01 6.917551710E+00
9.500000000E-01 2.159398214E-01 2.699247767E-01 7.038998135E+00
9.600000000E-01 2.144526175E-01 2.680657718E-01 7.162421323E+00
9.700000000E-01 2.129573179E-01 2.661966474E-01 7.287845354E+00
9.800000000E-01 2.114534364E-01 2.643167955E-01 7.415344139E+00
9.900000000E-01 2.099418988E-01 2.624273735E-01 7.544944622E+00
1.000000000E+00 2.084222647E-01 2.605278309E-01 7.676723032E+00
1.010000000E+00 2.068954218E-01 2.586192773E-01 7.810709323E+00
1.020000000E+00 2.053612752E-01 2.567015940E-01 7.946970520E+00
1.030000000E+00 2.038197704E-01 2.547747130E-01 8.085574805E+00
1.040000000E+00 2.022717415E-01 2.528396769E-01 8.226556945E+00
1.050000000E+00 2.007168529E-01 2.508960661E-01 8.369999708E+00
1.060000000E+00 1.991559055E-01 2.489448819E-01 8.515941294E+00
1.070000000E+00 1.975886016E-01 2.469857520E-01 8.664467414E+00
1.080000000E+00 1.960157112E-01 2.450196390E-01 8.815619879E+00
1.090000000E+00 1.944369719E-01 2.430462149E-01 8.969487555E+00
1.100000000E+00 1.928528898E-01 2.410661123E-01 9.126127181E+00
1.110000000E+00 1.912639413E-01 2.390799266E-01 9.285597631E+00
1.120000000E+00 1.896699138E-01 2.370873923E-01 9.447992905E+00
1.130000000E+00 1.880712937E-01 2.350891171E-01 9.613375675E+00
1.140000000E+00 1.864683333E-01 2.330854166E-01 9.781821760E+00
1.150000000E+00 1.848612860E-01 2.310766075E-01 9.953409068E+00
1.160000000E+00 1.832502123E-01 2.290627653E-01 1.012822838E+01
1.170000000E+00 1.816357619E-01 2.270447024E-01 1.030634045E+01
1.180000000E+00 1.800178089E-01 2.250222611E-01 1.048785124E+01
1.190000000E+00 1.783969802E-01 2.229962252E-01 1.067282640E+01
1.200000000E+00 1.767731752E-01 2.209664690E-01 1.086137644E+01
1.210000000E+00 1.751468342E-01 2.189335427E-01 1.105358261E+01
1.220000000E+00 1.735182160E-01 2.168977700E-01 1.124953936E+01
1.230000000E+00 1.718875801E-01 2.148594751E-01 1.144934380E+01
1.240000000E+00 1.702550367E-01 2.128187959E-01 1.165310606E+01
1.250000000E+00 1.686210056E-01 2.107762570E-01 1.186091847E+01
1.260000000E+00 1.669858871E-01 2.087323589E-01 1.207287655E+01
1.270000000E+00 1.653496569E-01 2.066870712E-01 1.228910926E+01
1.280000000E+00 1.637125898E-01 2.046407372E-01 1.250972820E+01
1.290000000E+00 1.620752127E-01 2.025940159E-01 1.273482827E+01
1.300000000E+00 1.604375286E-01 2.005469108E-01 1.296454775E+01
1.310000000E+00 1.587999290E-01 1.984999112E-01 1.319899835E+01
1.320000000E+00 1.571626740E-01 1.964533425E-01 1.343830533E+01
1.330000000E+00 1.555260238E-01 1.944075297E-01 1.368259760E+01
1.340000000E+00 1.538901309E-01 1.923626636E-01 1.393201752E+01
1.350000000E+00 1.522553690E-01 1.903192112E-01 1.418669184E+01
1.360000000E+00 1.506219963E-01 1.882774954E-01 1.444676112E+01
1.370000000E+00 1.489902708E-01 1.862378385E-01 1.471237006E+01
1.380000000E+00 1.473603563E-01 1.842004453E-01 1.498367713E+01
1.390000000E+00 1.457326086E-01 1.821657607E-01 1.526082612E+01
1.400000000E+00 1.441072829E-01 1.801341036E-01 1.554397498E+01
1.410000000E+00 1.424845493E-01 1.781056867E-01 1.583329568E+01
1.420000000E+00 1.408647507E-01 1.760809384E-01 1.612894630E+01
1.430000000E+00 1.392481385E-01 1.740601732E-01 1.643109936E+01
1.440000000E+00 1.376349631E-01 1.720437038E-01 1.673993256E+01
1.450000000E+00 1.360254003E-01 1.700317504E-01 1.705563810E+01
1.460000000E+00 1.344197052E-01 1.680246315E-01 1.737840443E+01
1.470000000E+00 1.328182665E-01 1.660228331E-01 1.770840760E+01
1.480000000E+00 1.312211897E-01 1.640264871E-01 1.804586595E+01
1.490000000E+00 1.296287869E-01 1.620359837E-01 1.839097670E+01
1.500000000E+00 1.280412372E-01 1.600515465E-01 1.874396134E+01
1.510000000E+00 1.264588437E-01 1.580735546E-01 1.910502998E+01
1.520000000E+00 1.248818420E-01 1.561023025E-01 1.947440846E+01
1.530000000E+00 1.233104110E-01 1.541380138E-01 1.985233834E+01
1.540000000E+00 1.217448404E-01 1.521810504E-01 2.023905073E+01
1.550000000E+00 1.201853079E-01 1.502316349E-01 2.063480173E+01
1.560000000E+00 1.186321429E-01 1.482901786E-01 2.103982900E+01
1.570000000E+00 1.170854222E-01 1.463567777E-01 2.145442151E+01
1.580000000E+00 1.155454675E-01 1.444318344E-01 2.187883311E+01
1.590000000E+00 1.140124965E-01 1.425156206E-01 2.231334352E+01
1.600000000E+00 1.124867240E-01 1.406084049E-01 2.275824124E+01
1.610000000E+00 1.109683213E-01 1.387104017E-01 2.321383228E+01
1.620000000E+00 1.094575020E-01 1.368218775E-01 2.368042348E+01
1.630000000E+00 1.079545131E-01 1.349431414E-01 2.415832303E+01
1.640000000E+00 1.064595568E-01 1.330744460E-01 2.464785764E+01
1.650000000E+00 1.049727973E-01 1.312159966E-01 2.514937268E+01
1.660000000E+00 1.034944672E-01 1.293680839E-01 2.566320764E+01
1.670000000E+00 1.020247262E-01 1.275309078E-01 2.618972968E+01
1.680000000E+00 1.005637971E-01 1.257047463E-01 2.672930098E+01
1.690000000E+00 9.911183463E-02 1.238897933E-01 2.728231205E+01
1.700000000E+00 9.766905140E-02 1.220863143E-01 2.784914936E+01
1.710000000E+00 9.623559696E-02 1.202944962E-01 2.843022838E+01
1.720000000E+00 9.481164744E-02 1.185145593E-01 2.902596964E+01
1.730000000E+00 9.339742514E-02 1.167467814E-01 2.963679134E+01
1.740000000E+00 9.199301935E-02 1.149912742E-01 3.026316583E+01
1.750000000E+00 9.059864308E-02 1.132483038E-01 3.090554014E+01
1.760000000E+00 8.921445277E-02 1.115180660E-01 3.156439246E+01
1.770000000E+00 8.784057942E-02 1.098007243E-01 3.224022449E+01
1.780000000E+00 8.647719416E-02 1.080964927E-01 3.293353846E+01
1.790000000E+00 8.512442100E-02 1.064055262E-01 3.364486908E+01
1.800000000E+00 8.378240167E-02 1.047280021E-01 3.437476060E+01
1.810000000E+00 8.245129145E-02 1.030641143E-01 3.512376761E+01
1.820000000E+00 8.113120329E-02 1.014140041E-01 3.589247887E+01
1.830000000E+00 7.982228187E-02 9.977785234E-02 3.668148707E+01
1.840000000E+00 7.852463251E-02 9.815579064E-02 3.749142028E+01
1.850000000E+00 7.723838919E-02 9.654798648E-02 3.832291211E+01
1.860000000E+00 7.596363472E-02 9.495454340E-02 3.917664039E+01
1.870000000E+00 7.470052226E-02 9.337565282E-02 4.005326750E+01
1.880000000E+00 7.344912589E-02 9.181140737E-02 4.095351665E+01
1.890000000E+00 7.220954541E-02 9.026193177E-02 4.187811989E+01
1.900000000E+00 7.098187586E-02 8.872734483E-02 4.282783405E+01
1.910000000E+00 6.976621916E-02 8.720777395E-02 4.380343434E+01
1.920000000E+00 6.856264790E-02 8.570330988E-02 4.480573744E+01
1.930000000E+00 6.737125345E-02 8.421406681E-02 4.583557292E+01
1.940000000E+00 6.619209988E-02 8.274012484E-02 4.689381370E+01
1.950000000E+00 6.502525817E-02 8.128157271E-02 4.798135506E+01
1.960000000E+00 6.387080396E-02 7.983850495E-02 4.909911580E+01
1.970000000E+00 6.272878836E-02 7.841098545E-02 5.024806125E+01
1.980000000E+00 6.159926801E-02 7.699908501E-02 5.142918256E+01
1.990000000E+00 6.048230295E-02 7.560287869E-02 5.264349809E+01
2.000000000E+00 5.937792349E-02 7.422240437E-02 5.389208332E+01
2.010000000E+00 5.828619551E-02 7.285774438E-02 5.517601504E+01
2.020000000E+00 5.720713319E-02 7.150891648E-02 5.649645105E+01
2.030000000E+00 5.614078415E-02 7.017598018E-02 5.785455350E+01
2.040000000E+00 5.508716927E-02 6.885896158E-02 5.925154702E+01
2.050000000E+00 5.404631848E-02 6.755789810E-02 6.068868504E+01
2.060000000E+00 5.301824417E-02 6.627280521E-02 6.216727943E+01
2.070000000E+00 5.200296093E-02 6.500370116E-02 6.368868120E+01
2.080000000E+00 5.100047893E-02 6.375059867E-02 6.525428917E+01
2.090000000E+00 5.001080896E-02 6.251351120E-02 6.686554505E+01
2.100000000E+00 4.903394177E-02 6.129242721E-02 6.852396277E+01
2.110000000E+00 4.806988895E-02 6.008736118E-02 7.023107550E+01
2.120000000E+00 4.711862845E-02 5.889828556E-02 7.198851308E+01
2.130000000E+00 4.618015351E-02 5.772519188E-02 7.379793572E+01
2.140000000E+00 4.525445236E-02 5.656806545E-02 7.566106364E+01
2.150000000E+00 4.434150062E-02 5.542687577E-02 7.757969289E+01
2.160000000E+00 4.344127793E-02 5.430159741E-02 7.955567066E+01
2.170000000E+00 4.255374881E-02 5.319218602E-02 8.159093139E+01
2.180000000E+00 4.167888847E-02 5.209861059E-02 8.368745252E+01
2.190000000E+00 4.081665745E-02 5.102082181E-02 8.584730399E+01
2.200000000E+00 3.996701620E-02 4.995877025E-02 8.807262424E+01
2.210000000E+00 3.912992140E-02 4.891240175E-02 9.036563001E+01
2.220000000E+00 3.830532881E-02 4.788166101E-02 9.272861272E+01
2.230000000E+00 3.749318492E-02 4.686648116E-02 9.516396132E+01
2.240000000E+00 3.669343576E-02 4.586679470E-02 9.767414595E+01
2.250000000E+00 3.590602390E-02 4.488252988E-02 1.002617279E+02
2.260000000E+00 3.513088863E-02 4.391361079E-02 1.029293633E+02
2.270000000E+00 3.436796803E-02 4.295996004E-02 1.056798003E+02
2.280000000E+00 3.361719068E-02 4.202148835E-02 1.085159089E+02
2.290000000E+00 3.287849042E-02 4.109811303E-02 1.114406396E+02
2.300000000E+00 3.215179195E-02 4.018973994E-02 1.144570731E+02
2.310000000E+00 3.143701914E-02 3.929627393E-02 1.175683987E+02
2.320000000E+00 3.073409308E-02 3.841761635E-02 1.207779254E+02
2.330000000E+00 3.004293359E-02 3.755366699E-02 1.240890803E+02
2.340000000E+00 2.936345324E-02 3.670431655E-02 1.275054391E+02
2.350000000E+00 2.869556813E-02 3.586946017E-02 1.310306868E+02
2.360000000E+00 2.803918742E-02 3.504898427E-02 1.346686672E+02
2.370000000E+00 2.739421939E-02 3.424277423E-02 1.384233639E+02
2.380000000E+00 2.676057007E-02 3.345071258E-02 1.422989118E+02
2.390000000E+00 2.613814327E-02 3.267267909E-02 1.462996036E+02
2.400000000E+00 2.552684071E-02 3.190855089E-02 1.504298962E+02
2.410000000E+00 2.492656209E-02 3.115820262E-02 1.546944174E+02
2.420000000E+00 2.433720612E-02 3.042150765E-02 1.590979663E+02
2.430000000E+00 2.375866681E-02 2.969833352E-02 1.636455459E+02
2.440000000E+00 2.319084020E-02 2.898855025E-02 1.683423268E+02
2.450000000E+00 2.263361790E-02 2.829202237E-02 1.731936987E+02
2.460000000E+00 2.208689014E-02 2.760861267E-02 1.782052600E+02
2.470000000E+00 2.155054796E-02 2.693818495E-02 1.833828081E+02
2.480000000E+00 2.102447868E-02 2.628059835E-02 1.887323848E+02
2.490000000E+00 2.050856911E-02 2.563571138E-02 1.942602616E+02
2.500000000E+00 2.000270483E-02 2.500338103E-02 1.999729554E+02
2.510000000E+00 1.950677031E-02 2.438346288E-02 2.058772384E+02
2.520000000E+00 1.902064895E-02 2.377581119E-02 2.119801491E+02
2.530000000E+00 1.854422319E-02 2.318027899E-02 2.182890034E+02
2.540000000E+00 1.807737460E-02 2.259671825E-02 2.248114060E+02
2.550000000E+00 1.761998392E-02 2.202497990E-02 2.315552624E+02
2.560000000E+00 1.717193160E-02 2.146491450E-02 2.385287861E+02
2.570000000E+00 1.673309619E-02 2.091637024E-02 2.457405344E+02
2.580000000E+00 1.630335695E-02 2.037919618E-02 2.531993879E+02
2.590000000E+00 1.588259220E-02 1.985324026E-02 2.609145879E+02
2.600000000E+00 1.547068022E-02 1.933835027E-02 2.688957396E+02
2.610000000E+00 1.506749789E-02 1.883437236E-02 2.771528512E+02
2.620000000E+00 1.467292287E-02 1.834115359E-02 2.856963153E+02
2.630000000E+00 1.428683230E-02 1.785854037E-02 2.945369493E+02
2.640000000E+00 1.390910314E-02 1.738637893E-02 3.036860074E+02
2.650000000E+00 1.353961257E-02 1.692451572E-02 3.131551939E+02
2.660000000E+00 1.317823702E-02 1.647279627E-02 3.229567046E+02
2.670000000E+00 1.282485374E-02 1.603106718E-02 3.331032140E+02
2.680000000E+00 1.247933987E-02 1.559917483E-02 3.436079189E+02
2.690000000E+00 1.214157273E-02 1.517696591E-02 3.544845546E+02
2.700000000E+00 1.181142990E-02 1.476428737E-02 3.657474190E+02
2.710000000E+00 1.148878927E-02 1.436098659E-02 3.774113961E+02
2.720000000E+00 1.117352911E-02 1.396691139E-02 3.894919820E+02
2.730000000E+00 1.086552810E-02 1.358191012E-02 4.020053108E+02
2.740000000E+00 1.056466538E-02 1.320583172E-02 4.149681834E+02
2.750000000E+00 1.027082052E-02 1.283852565E-02 4.283981005E+02
2.760000000E+00 9.983874044E-03 1.247984255E-02 4.423132725E+02
2.770000000E+00 9.703706701E-03 1.212963338E-02 4.567326834E+02
2.780000000E+00 9.430199937E-03 1.178774992E-02 4.716761076E+02
2.790000000E+00 9.163236246E-03 1.145404531E-02 4.871641285E+02
2.800000000E+00 8.902698443E-03 1.112837305E-02 5.032182128E+02
2.810000000E+00 8.648470468E-03 1.081058809E-02 5.198607102E+02
2.820000000E+00 8.400436984E-03 1.050054623E-02 5.371149154E+02
2.830000000E+00 8.158483532E-03 1.019810441E-02 5.550051039E+02
2.840000000E+00 7.922496564E-03 9.903120705E-03 5.735565757E+02
2.850000000E+00 7.692363482E-03 9.615454352E-03 5.927957007E+02
2.860000000E+00 7.467972663E-03 9.334965828E-03 6.127499666E+02
2.870000000E+00 7.249213441E-03 9.061516801E-03 6.334480337E+02
2.880000000E+00 7.035976371E-03 8.794970463E-03 6.549197663E+02
2.890000000E+00 6.828152833E-03 8.535191042E-03 6.771963242E+02
2.900000000E+00 6.625635534E-03 8.282044417E-03 7.003101780E+02
2.910000000E+00 6.428318083E-03 8.035397604E-03 7.242952106E+02
2.920000000E+00 6.236095391E-03 7.795119239E-03 7.491867438E+02
2.930000000E+00 6.048863442E-03 7.561079303E-03 7.750216293E+02
2.940000000E+00 5.866519528E-03 7.333149410E-03 8.018382923E+02
2.950000000E+00 5.688962019E-03 7.111202524E-03 8.296768346E+02
2.960000000E+00 5.516090518E-03 6.895113148E-03 8.585790940E+02
2.970000000E+00 5.347805939E-03 6.684757424E-03 8.885887135E+02
2.980000000E+00 5.184010409E-03 6.480013012E-03 9.197512396E+02
2.990000000E+00 5.024607327E-03 6.280759159E-03 9.521142028E+02
3.000000000E+00 4.869501368E-03 6.086876710E-03 9.857272105E+02
3.010000000E+00 4.718598474E-03 5.898248093E-03 1.020642046E+03
3.020000000E+00 4.571805941E-03 5.714757426E-03 1.056912752E+03
3.030000000E+00 4.429032343E-03 5.536290429E-03 1.094595755E+03
3.040000000E+00 4.290187575E-03 5.362734468E-03 1.133749962E+03
3.050000000E+00 4.155182849E-03 5.193978562E-03 1.174436885E+03
3.060000000E+00 4.023930713E-03 5.029913391E-03 1.216720751E+03
3.070000000E+00 3.896345023E-03 4.870431279E-03 1.260668645E+03
3.080000000E+00 3.772341010E-03 4.715426263E-03 1.306350615E+03
3.090000000E+00 3.651835219E-03 4.564794024E-03 1.353839838E+03
3.100000000E+00 3.534745537E-03 4.418431921E-03 1.403212749E+03
3.110000000E+00 3.420991173E-03 4.276238966E-03 1.454549208E+03
3.120000000E+00 3.310492703E-03 4.138115879E-03 1.507932640E+03
3.130000000E+00 3.203172022E-03 4.003965028E-03 1.563450219E+03
3.140000000E+00 3.098952359E-03 3.873690449E-03 1.621193041E+03
3.150000000E+00 2.997758271E-03 3.747197839E-03 1.681256307E+03
3.160000000E+00 2.899515634E-03 3.624394542E-03 1.743739520E+03
3.170000000E+00 2.804151658E-03 3.505189572E-03 1.808746679E+03
3.180000000E+00 2.711594863E-03 3.389493578E-03 1.876386502E+03
3.190000000E+00 2.621775065E-03 3.277218832E-03 1.946772653E+03
3.200000000E+00 2.534623406E-03 3.168279258E-03 2.020023956E+03
3.210000000E+00 2.450072291E-03 3.062590363E-03 2.096264677E+03
3.220000000E+00 2.368055424E-03 2.960069280E-03 2.175624755E+03
3.230000000E+00 2.288507795E-03 2.860634743E-03 2.258240069E+03
3.240000000E+00 2.211365639E-03 2.764207049E-03 2.344252759E+03
3.250000000E+00 2.136566463E-03 2.670708079E-03 2.433811486E+03
3.260000000E+00 2.064049013E-03 2.580061267E-03 2.527071773E+03
3.270000000E+00 1.993753266E-03 2.492191583E-03 2.624196328E+03
3.280000000E+00 1.925620430E-03 2.407025538E-03 2.725355380E+03
3.290000000E+00 1.859592919E-03 2.324491149E-03 2.830727062E+03
3.300000000E+00 1.795614344E-03 2.244517930E-03 2.940497784E+03
3.310000000E+00 1.733629510E-03 2.167036888E-03 3.054862627E+03
3.320000000E+00 1.673584381E-03 2.091980477E-03 3.174025797E+03
3.330000000E+00 1.615426097E-03 2.019282622E-03 3.298201019E+03
3.340000000E+00 1.559102931E-03 1.948878664E-03 3.427612054E+03
3.350000000E+00 1.504564294E-03 1.880705367E-03 3.562493156E+03
3.360000000E+00 1.451760714E-03 1.814700893E-03 3.703089598E+03
3.370000000E+00 1.400643820E-03 1.750804776E-03 3.849658222E+03
3.380000000E+00 1.351166334E-03 1.688957917E-03 4.002467990E+03
3.390000000E+00 1.303282047E-03 1.629102559E-03 4.161800595E+03
3.400000000E+00 1.256945812E-03 1.571182265E-03 4.327951092E+03
3.410000000E+00 1.212113525E-03 1.515141906E-03 4.501228547E+03
3.420000000E+00 1.168742110E-03 1.460927637E-03 4.681956742E+03
3.430000000E+00 1.126789503E-03 1.408486879E-03 4.870474908E+03
3.440000000E+00 1.086214640E-03 1.357768299E-03 5.067138482E+03
3.450000000E+00 1.046977436E-03 1.308721795E-03 5.272319928E+03
3.460000000E+00 1.009038774E-03 1.261298467E-03 5.486409585E+03
3.470000000E+00 9.723604860E-04 1.215450608E-03 5.709816554E+03
3.480000000E+00 9.369053407E-04 1.171131676E-03 5.942969645E+03
3.490000000E+00 9.026370230E-04 1.128296279E-03 6.186318373E+03
3.500000000E+00 8.695201229E-04 1.086900154E-03 6.440333987E+03
3.510000000E+00 8.375201163E-04 1.046900145E-03 6.705510579E+03
3.520000000E+00 8.066033518E-04 1.008254190E-03 6.982366224E+03
3.530000000E+00 7.767370328E-04 9.709212911E-04 7.271444210E+03
3.540000000E+00 7.478892032E-04 9.348615040E-04 7.573314304E+03
3.550000000E+00 7.200287312E-04 9.000359141E-04 7.888574099E+03
3.560000000E+00 6.931252936E-04 8.664066170E-04 8.217850441E+03
3.570000000E+00 6.671493609E-04 8.339367012E-04 8.561800902E+03
3.580000000E+00 6.420721813E-04 8.025902267E-04 8.921115361E+03
3.590000000E+00 6.178657652E-04 7.723322065E-04 9.296517664E+03
3.600000000E+00 5.945028707E-04 7.431285883E-04 9.688767345E+03
3.610000000E+00 5.719569882E-04 7.149462352E-04 1.009866147E+04
3.620000000E+00 5.502023247E-04 6.877529059E-04 1.052703658E+04
3.630000000E+00 5.292137900E-04 6.615172375E-04 1.097477071E+04
3.640000000E+00 5.089669816E-04 6.362087270E-04 1.144278551E+04
3.650000000E+00 4.894381690E-04 6.117977113E-04 1.193204856E+04
3.660000000E+00 4.706042814E-04 5.882553518E-04 1.244357570E+04
3.670000000E+00 4.524428915E-04 5.655536144E-04 1.297843354E+04
3.680000000E+00 4.349322019E-04 5.436652524E-04 1.353774215E+04
3.690000000E+00 4.180510316E-04 5.225637895E-04 1.412267774E+04
3.700000000E+00 4.017788017E-04 5.022235022E-04 1.473447572E+04
3.710000000E+00 3.860955216E-04 4.826194020E-04 1.537443370E+04
3.720000000E+00 3.709817758E-04 4.637272198E-04 1.604391479E+04
3.730000000E+00 3.564187109E-04 4.455233886E-04 1.674435100E+04
3.740000000E+00 3.423880217E-04 4.279850271E-04 1.747724693E+04
3.750000000E+00 3.288719389E-04 4.110899236E-04 1.824418350E+04
3.760000000E+00 3.158532157E-04 3.948165196E-04 1.904682207E+04
3.770000000E+00 3.033151162E-04 3.791438952E-04 1.988690862E+04
3.780000000E+00 2.912414020E-04 3.640517525E-04 2.076627828E+04
3.790000000E+00 2.796163209E-04 3.495204011E-04 2.168685999E+04
3.800000000E+00 2.684245940E-04 3.355307425E-04 2.265068155E+04
3.810000000E+00 2.576514048E-04 3.220642560E-04 2.365987488E+04
3.820000000E+00 2.472823868E-04 3.091029834E-04 2.471668152E+04
3.830000000E+00 2.373036127E-04 2.966295158E-04 2.582345853E+04
3.840000000E+00 2.277015828E-04 2.846269786E-04 2.698268463E+04
3.850000000E+00 2.184632145E-04 2.730790182E-04 2.819696677E+04
3.860000000E+00 2.095758309E-04 2.619697886E-04 2.946904695E+04
3.870000000E+00 2.010271502E-04 2.512839377E-04 3.080180958E+04
3.880000000E+00 1.928052758E-04 2.410065948E-04 3.219828904E+04
3.890000000E+00 1.848986859E-04 2.311233574E-04 3.366167785E+04
3.900000000E+00 1.772962231E-04 2.216202789E-04 3.519533519E+04
3.910000000E+00 1.699870850E-04 2.124838563E-04 3.680279593E+04
3.920000000E+00 1.629608144E-04 2.037010180E-04 3.848778017E+04
3.930000000E+00 1.562072898E-04 1.952591123E-04 4.025420330E+04
3.940000000E+00 1.497167164E-04 1.871458955E-04 4.210618662E+04
3.950000000E+00 1.434796167E-04 1.793495209E-04 4.404806859E+04
3.960000000E+00 1.374868221E-04 1.718585276E-04 4.608441671E+04
3.970000000E+00 1.317294636E-04 1.646618295E-04 4.822003997E+04
3.980000000E+00 1.261989640E-04 1.577487050E-04 5.046000219E+04
3.990000000E+00 1.208870292E-04 1.511087864E-04 5.280963594E+04
4.000000000E+00 1.157856399E-04 1.447320499E-04 5.527455740E+04