             XT       f1=1,f2=1     f1=1,f2=0.1    f1=1,f2=0.01     f1=1.3,f2=1   f1=1.3,f2=0.1  f1=1.3,f2=0.01     f1=2.8,f2=1   f1=2.8,f2=0.1  f1=2.8,f2=0.01   f1=Inf,f2=Inf 
3.981071706E-02 1.051018316E-01 1.051018316E-01 1.044685015E-01 1.957827391E-01 1.957827391E-01 1.944568874E-01 2.922843716E-01 2.922843716E-01 2.900732670E-01 2.938586377E-01
4.068485478E-02 1.050796559E-01 1.050796559E-01 1.044095762E-01 1.957412203E-01 1.957412203E-01 1.943411823E-01 2.922220542E-01 2.922220542E-01 2.898911243E-01 2.937959792E-01
4.157818624E-02 1.051068027E-01 1.051068027E-01 1.044122045E-01 1.957915742E-01 1.957915742E-01 1.943398574E-01 2.922968861E-01 2.922968861E-01 2.898792957E-01 2.938712085E-01
4.249113290E-02 1.050920432E-01 1.050920432E-01 1.043661416E-01 1.957638519E-01 1.957638519E-01 1.942477057E-01 2.922551365E-01 2.922551365E-01 2.897316744E-01 2.938292281E-01
4.342412544E-02 1.050826721E-01 1.050826721E-01 1.043274653E-01 1.957461575E-01 1.957461575E-01 1.941691089E-01 2.922283424E-01 2.922283424E-01 2.896039670E-01 2.938022835E-01
4.437760402E-02 1.050793896E-01 1.050793896E-01 1.042964324E-01 1.957397947E-01 1.957397947E-01 1.941045444E-01 2.922184495E-01 2.922184495E-01 2.894968836E-01 2.937923309E-01
4.535201846E-02 1.050828444E-01 1.050828444E-01 1.042732825E-01 1.957459721E-01 1.957459721E-01 1.940544565E-01 2.922272614E-01 2.922272614E-01 2.894110854E-01 2.938011835E-01
4.634782846E-02 1.050936376E-01 1.050936376E-01 1.042582386E-01 1.957658087E-01 1.957658087E-01 1.940192592E-01 2.922564483E-01 2.922564483E-01 2.893471878E-01 2.938305206E-01
4.736550380E-02 1.050723369E-01 1.050723369E-01 1.042024192E-01 1.957258458E-01 1.957258458E-01 1.939079842E-01 2.921963359E-01 2.921963359E-01 2.891695239E-01 2.937700770E-01
4.840552459E-02 1.050611448E-01 1.050611448E-01 1.041800876E-01 1.957047014E-01 1.957047014E-01 1.938586407E-01 2.921642995E-01 2.921642995E-01 2.890836084E-01 2.937378603E-01
4.946838148E-02 1.050604606E-01 1.050604606E-01 1.041444836E-01 1.957031191E-01 1.957031191E-01 1.937846010E-01 2.921614486E-01 2.921614486E-01 2.889608693E-01 2.937349861E-01
5.055457589E-02 1.050706496E-01 1.050706496E-01 1.041193705E-01 1.957217791E-01 1.957217791E-01 1.937298896E-01 2.921887977E-01 2.921887977E-01 2.888666495E-01 2.937624741E-01
5.166462024E-02 1.050553841E-01 1.050553841E-01 1.040592349E-01 1.956930055E-01 1.956930055E-01 1.936098194E-01 2.921453058E-01 2.921453058E-01 2.886746690E-01 2.937187392E-01
5.279903823E-02 1.050531778E-01 1.050531778E-01 1.040329100E-01 1.956885449E-01 1.956885449E-01 1.935522740E-01 2.921380897E-01 2.921380897E-01 2.885753109E-01 2.937114751E-01
5.395836502E-02 1.050642344E-01 1.050642344E-01 1.039969806E-01 1.957087767E-01 1.957087767E-01 1.934768613E-01 2.921677148E-01 2.921677148E-01 2.884493191E-01 2.937412503E-01
5.514314755E-02 1.050543779E-01 1.050543779E-01 1.039509265E-01 1.956900329E-01 1.956900329E-01 1.933822267E-01 2.921391233E-01 2.921391233E-01 2.882940615E-01 2.937124948E-01
5.635394477E-02 1.050595709E-01 1.050595709E-01 1.039179577E-01 1.956993083E-01 1.956993083E-01 1.933117461E-01 2.921523381E-01 2.921523381E-01 2.881745169E-01 2.937257704E-01
5.759132788E-02 1.050469855E-01 1.050469855E-01 1.038763705E-01 1.956754461E-01 1.956754461E-01 1.932248479E-01 2.921160498E-01 2.921160498E-01 2.880298918E-01 2.936892758E-01
5.885588063E-02 1.050509645E-01 1.050509645E-01 1.038289871E-01 1.956824236E-01 1.956824236E-01 1.931271732E-01 2.921257765E-01 2.921257765E-01 2.878692137E-01 2.936990436E-01
6.014819962E-02 1.050399790E-01 1.050399790E-01 1.037751026E-01 1.956615042E-01 1.956615042E-01 1.930170244E-01 2.920938219E-01 2.920938219E-01 2.876893417E-01 2.936669049E-01
6.146889449E-02 1.050468259E-01 1.050468259E-01 1.037362221E-01 1.956737852E-01 1.956737852E-01 1.929345966E-01 2.921114045E-01 2.921114045E-01 2.875504975E-01 2.936845699E-01
6.281858833E-02 1.050412248E-01 1.050412248E-01 1.036920355E-01 1.956628555E-01 1.956628555E-01 1.928419185E-01 2.920942994E-01 2.920942994E-01 2.873957760E-01 2.936673598E-01
6.419791786E-02 1.050249809E-01 1.050249809E-01 1.036434525E-01 1.956320767E-01 1.956320767E-01 1.927406842E-01 2.920475241E-01 2.920475241E-01 2.872277063E-01 2.936203190E-01
6.560753380E-02 1.050286829E-01 1.050286829E-01 1.035930723E-01 1.956384334E-01 1.956384334E-01 1.926361155E-01 2.920561572E-01 2.920561572E-01 2.870546839E-01 2.936289845E-01
6.704810117E-02 1.050238168E-01 1.050238168E-01 1.035399811E-01 1.956288041E-01 1.956288041E-01 1.925261279E-01 2.920408846E-01 2.920408846E-01 2.868729942E-01 2.936136149E-01
6.852029958E-02 1.050119375E-01 1.050119375E-01 1.034849587E-01 1.956060847E-01 1.956060847E-01 1.924121734E-01 2.920060281E-01 2.920060281E-01 2.866848038E-01 2.935785553E-01
7.002482356E-02 1.049945128E-01 1.049945128E-01 1.034287439E-01 1.955730080E-01 1.955730080E-01 1.922956274E-01 2.919556661E-01 2.919556661E-01 2.864921654E-01 2.935279060E-01
7.156238290E-02 1.049994050E-01 1.049994050E-01 1.033737658E-01 1.955814800E-01 1.955814800E-01 1.921813913E-01 2.919672955E-01 2.919672955E-01 2.863029906E-01 2.935395813E-01
7.313370296E-02 1.050002936E-01 1.050002936E-01 1.033350069E-01 1.955824650E-01 1.955824650E-01 1.920967440E-01 2.919677016E-01 2.919677016E-01 2.861570099E-01 2.935399721E-01
7.473952503E-02 1.049730667E-01 1.049730667E-01 1.032632032E-01 1.955310417E-01 1.955310417E-01 1.919502902E-01 2.918898111E-01 2.918898111E-01 2.859183693E-01 2.934616437E-01
7.638060670E-02 1.049701720E-01 1.049701720E-01 1.031951347E-01 1.955249178E-01 1.955249178E-01 1.918107956E-01 2.918795068E-01 2.918795068E-01 2.856901257E-01 2.934512649E-01
7.805772217E-02 1.049667957E-01 1.049667957E-01 1.031447268E-01 1.955178645E-01 1.955178645E-01 1.917035699E-01 2.918677634E-01 2.918677634E-01 2.855090710E-01 2.934394384E-01
7.977166265E-02 1.049639708E-01 1.049639708E-01 1.030819442E-01 1.955118048E-01 1.955118048E-01 1.915731645E-01 2.918574502E-01 2.918574502E-01 2.852932165E-01 2.934290489E-01
8.152323671E-02 1.049394030E-01 1.049394030E-01 1.030064348E-01 1.954652023E-01 1.954652023E-01 1.914185495E-01 2.917865469E-01 2.917865469E-01 2.850404361E-01 2.933577418E-01
8.331327069E-02 1.049410076E-01 1.049410076E-01 1.029514268E-01 1.954673229E-01 1.954673229E-01 1.913018628E-01 2.917883334E-01 2.917883334E-01 2.848438740E-01 2.933595153E-01
8.514260907E-02 1.049235834E-01 1.049235834E-01 1.028711627E-01 1.954339539E-01 1.954339539E-01 1.911378780E-01 2.917370693E-01 2.917370693E-01 2.845763138E-01 2.933079514E-01
8.701211486E-02 1.049111359E-01 1.049111359E-01 1.028104395E-01 1.954098164E-01 1.954098164E-01 1.910096553E-01 2.916995250E-01 2.916995250E-01 2.843611455E-01 2.932701801E-01
8.892267004E-02 1.049043556E-01 1.049043556E-01 1.027285668E-01 1.953961954E-01 1.953961954E-01 1.908421544E-01 2.916776169E-01 2.916776169E-01 2.840875348E-01 2.932481282E-01
9.087517595E-02 1.049038820E-01 1.049038820E-01 1.026668559E-01 1.953942806E-01 1.953942806E-01 1.907115663E-01 2.916731184E-01 2.916731184E-01 2.838680265E-01 2.932435786E-01
9.287055370E-02 1.048898726E-01 1.048898726E-01 1.025973318E-01 1.953671021E-01 1.953671021E-01 1.905659163E-01 2.916308256E-01 2.916308256E-01 2.836252443E-01 2.932010298E-01
9.490974465E-02 1.048841686E-01 1.048841686E-01 1.025227398E-01 1.953553499E-01 1.953553499E-01 1.904106856E-01 2.916114909E-01 2.916114909E-01 2.833679490E-01 2.931815617E-01
9.699371083E-02 1.048676668E-01 1.048676668E-01 1.024423450E-01 1.953234305E-01 1.953234305E-01 1.902441369E-01 2.915619648E-01 2.915619648E-01 2.830929683E-01 2.931317380E-01
9.912343538E-02 1.048611897E-01 1.048611897E-01 1.023587912E-01 1.953101365E-01 1.953101365E-01 1.900715598E-01 2.915401672E-01 2.915401672E-01 2.828087730E-01 2.931097911E-01
1.012999230E-01 1.048463480E-01 1.048420318E-01 1.022712498E-01 1.952812042E-01 1.952731649E-01 1.898910435E-01 2.914949331E-01 2.914829330E-01 2.825119347E-01 2.930642799E-01
1.035242006E-01 1.048246545E-01 1.048191416E-01 1.021805593E-01 1.952394495E-01 1.952286002E-01 1.897041498E-01 2.914304632E-01 2.914133455E-01 2.822047853E-01 2.929994277E-01
1.057973173E-01 1.048154799E-01 1.048095910E-01 1.021005825E-01 1.952209602E-01 1.952082495E-01 1.895368078E-01 2.914006394E-01 2.913788992E-01 2.819262002E-01 2.929694069E-01
1.081203457E-01 1.048014483E-01 1.047878177E-01 1.020185275E-01 1.951933604E-01 1.951646848E-01 1.893650792E-01 2.913571143E-01 2.913090897E-01 2.816402721E-01 2.929256093E-01
1.104943816E-01 1.047838403E-01 1.047630837E-01 1.019242121E-01 1.951590328E-01 1.951149632E-01 1.891702521E-01 2.913034413E-01 2.912290698E-01 2.813194669E-01 2.928716074E-01
1.129205451E-01 1.047638572E-01 1.047287176E-01 1.018189958E-01 1.951202131E-01 1.950468528E-01 1.889548579E-01 2.912429542E-01 2.911208895E-01 2.809675635E-01 2.928107530E-01
1.153999807E-01 1.047426247E-01 1.047008021E-01 1.017250735E-01 1.950789952E-01 1.949899202E-01 1.887597277E-01 2.911787751E-01 2.910280665E-01 2.806447141E-01 2.927461849E-01
1.179338581E-01 1.047373075E-01 1.046740991E-01 1.016338313E-01 1.950673583E-01 1.949350005E-01 1.885694266E-01 2.911586524E-01 2.909378593E-01 2.803288334E-01 2.927259087E-01
1.205233727E-01 1.047163185E-01 1.046386941E-01 1.015324072E-01 1.950264453E-01 1.948630270E-01 1.883595359E-01 2.910946923E-01 2.908208547E-01 2.799827504E-01 2.926615568E-01
1.231697462E-01 1.046970376E-01 1.045974271E-01 1.014334552E-01 1.949886355E-01 1.947796874E-01 1.881537266E-01 2.910352401E-01 2.906861742E-01 2.796419591E-01 2.926017352E-01
1.258742270E-01 1.046652107E-01 1.045495374E-01 1.013165543E-01 1.949273662E-01 1.946831688E-01 1.879141166E-01 2.909406244E-01 2.905304843E-01 2.792501553E-01 2.925065583E-01
1.286380911E-01 1.046521587E-01 1.045060647E-01 1.012149336E-01 1.949009932E-01 1.945946311E-01 1.877025403E-01 2.908979825E-01 2.903863191E-01 2.788995477E-01 2.924636332E-01
1.314626422E-01 1.046287106E-01 1.044574630E-01 1.011066044E-01 1.948551592E-01 1.944956976E-01 1.874778430E-01 2.908261363E-01 2.902253012E-01 2.785283976E-01 2.923913439E-01
1.343492131E-01 1.046106257E-01 1.044126035E-01 1.009942090E-01 1.948192246E-01 1.944030922E-01 1.872452967E-01 2.907689243E-01 2.900727139E-01 2.781451219E-01 2.923337653E-01
1.372991653E-01 1.045846436E-01 1.043577320E-01 1.008769652E-01 1.947684768E-01 1.942911933E-01 1.870030934E-01 2.906894355E-01 2.898903061E-01 2.777464765E-01 2.922537873E-01
1.403138907E-01 1.045521982E-01 1.042939647E-01 1.007471149E-01 1.947055830E-01 1.941620818E-01 1.867370384E-01 2.905916457E-01 2.896811880E-01 2.773116722E-01 2.921554069E-01
1.433948115E-01 1.045279133E-01 1.042358934E-01 1.006329955E-01 1.946577885E-01 1.940429390E-01 1.864994951E-01 2.905162359E-01 2.894859394E-01 2.769182212E-01 2.920795244E-01
1.465433811E-01 1.044992101E-01 1.041704328E-01 1.005078401E-01 1.946016497E-01 1.939093917E-01 1.862410231E-01 2.904281880E-01 2.892681768E-01 2.764929746E-01 2.919909329E-01
1.497610849E-01 1.044672893E-01 1.040985209E-01 1.003729169E-01 1.945393988E-01 1.937631890E-01 1.859639846E-01 2.903308281E-01 2.890305151E-01 2.760394592E-01 2.918929761E-01
1.530494410E-01 1.044457240E-01 1.040338169E-01 1.002468850E-01 1.944963240E-01 1.936297719E-01 1.857029658E-01 2.902619155E-01 2.888109311E-01 2.756090406E-01 2.918236168E-01
1.564100006E-01 1.044103983E-01 1.039567350E-01 1.001110698E-01 1.944274808E-01 1.934724687E-01 1.854230089E-01 2.901543184E-01 2.885543816E-01 2.751492693E-01 2.917153611E-01
1.598443493E-01 1.043750098E-01 1.038754487E-01 9.997579728E-02 1.943583889E-01 1.933067000E-01 1.851434344E-01 2.900461411E-01 2.882841980E-01 2.746891220E-01 2.916065187E-01
1.633541071E-01 1.043404671E-01 1.037958471E-01 9.983423279E-02 1.942907357E-01 1.931432398E-01 1.848517644E-01 2.899398952E-01 2.880161553E-01 2.742103671E-01 2.914996146E-01
1.669409299E-01 1.043076133E-01 1.037081904E-01 9.969459387E-02 1.942260869E-01 1.929643414E-01 1.845630502E-01 2.898379102E-01 2.877243881E-01 2.737350776E-01 2.913969907E-01
1.706065098E-01 1.042660414E-01 1.036166470E-01 9.954157386E-02 1.941450419E-01 1.927771876E-01 1.842489535E-01 2.897112000E-01 2.874186999E-01 2.732212226E-01 2.912695043E-01
1.743525761E-01 1.042281311E-01 1.035235682E-01 9.939200881E-02 1.940706653E-01 1.925865470E-01 1.839406607E-01 2.895942036E-01 2.871068258E-01 2.727150876E-01 2.911517801E-01
1.781808960E-01 1.041945297E-01 1.034295162E-01 9.924627633E-02 1.940041572E-01 1.923934679E-01 1.836388737E-01 2.894887040E-01 2.867903335E-01 2.722177194E-01 2.910456105E-01
1.820932758E-01 1.041448401E-01 1.033269198E-01 9.908165165E-02 1.939074968E-01 1.921832804E-01 1.833013637E-01 2.893378998E-01 2.864464294E-01 2.716662416E-01 2.908938875E-01
1.860915610E-01 1.041014748E-01 1.032200676E-01 9.892242796E-02 1.938224470E-01 1.919647434E-01 1.829732815E-01 2.892041597E-01 2.860894076E-01 2.711278981E-01 2.907593162E-01
1.901776379E-01 1.040548368E-01 1.031079708E-01 9.876092760E-02 1.937311144E-01 1.917356356E-01 1.826402518E-01 2.890607449E-01 2.857153538E-01 2.705811188E-01 2.906150133E-01
1.943534342E-01 1.040059732E-01 1.029956500E-01 9.859167357E-02 1.936354424E-01 1.915051150E-01 1.822923246E-01 2.889105461E-01 2.853376359E-01 2.700114435E-01 2.904638848E-01
1.986209200E-01 1.039558575E-01 1.028750605E-01 9.841572025E-02 1.935372380E-01 1.912585959E-01 1.819314639E-01 2.887562500E-01 2.849351113E-01 2.694218054E-01 2.903086317E-01
2.029821084E-01 1.039053935E-01 1.027553574E-01 9.824580245E-02 1.934381771E-01 1.910127400E-01 1.815808914E-01 2.886003472E-01 2.845320376E-01 2.688461003E-01 2.901517579E-01
2.074390570E-01 1.038461791E-01 1.026230461E-01 9.806321484E-02 1.933225901E-01 1.907426325E-01 1.812061987E-01 2.884194155E-01 2.840915728E-01 2.682336401E-01 2.899697145E-01
2.119938683E-01 1.037886107E-01 1.024927712E-01 9.787649774E-02 1.932098464E-01 1.904753402E-01 1.808233620E-01 2.882423760E-01 2.836537920E-01 2.676083786E-01 2.897915786E-01
2.166486912E-01 1.037245299E-01 1.023515165E-01 9.768487078E-02 1.930847290E-01 1.901868420E-01 1.804306154E-01 2.880464812E-01 2.831831905E-01 2.669672032E-01 2.895944796E-01
2.214057216E-01 1.036637985E-01 1.022095397E-01 9.749609460E-02 1.929656114E-01 1.898962279E-01 1.800424815E-01 2.878591654E-01 2.827082421E-01 2.663318960E-01 2.894059996E-01
2.262672038E-01 1.035984960E-01 1.020618897E-01 9.729849357E-02 1.928377195E-01 1.895941067E-01 1.796373975E-01 2.876583405E-01 2.822146646E-01 2.656705604E-01 2.892039310E-01
2.312354313E-01 1.035296675E-01 1.019092386E-01 9.709824197E-02 1.927029904E-01 1.892817378E-01 1.792266212E-01 2.874468839E-01 2.817043527E-01 2.649996303E-01 2.889911664E-01
2.363127478E-01 1.034582823E-01 1.017522197E-01 9.689103541E-02 1.925632203E-01 1.889603083E-01 1.788023834E-01 2.872274626E-01 2.811790929E-01 2.643078934E-01 2.887703872E-01
2.415015488E-01 1.033852375E-01 1.015914292E-01 9.668269645E-02 1.924200706E-01 1.886309359E-01 1.783752877E-01 2.870025412E-01 2.806405679E-01 2.636108097E-01 2.885440708E-01
2.468042821E-01 1.033035566E-01 1.014223698E-01 9.646273459E-02 1.922605229E-01 1.882850851E-01 1.779259850E-01 2.867526490E-01 2.800757915E-01 2.628797963E-01 2.882926411E-01
2.522234493E-01 1.032221274E-01 1.012475189E-01 9.624320399E-02 1.921011351E-01 1.879277426E-01 1.774767458E-01 2.865025087E-01 2.794927937E-01 2.621478171E-01 2.880409540E-01
2.577616070E-01 1.031341518E-01 1.010658871E-01 9.601398533E-02 1.919292202E-01 1.875567137E-01 1.770089129E-01 2.862331423E-01 2.788877504E-01 2.613873232E-01 2.877699286E-01
2.634213680E-01 1.030480462E-01 1.008829789E-01 9.579095027E-02 1.917604577E-01 1.871824237E-01 1.765516266E-01 2.859679612E-01 2.782764977E-01 2.606411646E-01 2.875031027E-01
2.692054023E-01 1.029571878E-01 1.006914274E-01 9.555545103E-02 1.915824864E-01 1.867911936E-01 1.760708248E-01 2.856884722E-01 2.776386870E-01 2.598595325E-01 2.872218826E-01
2.751164387E-01 1.028554889E-01 1.004903655E-01 9.531141398E-02 1.913839397E-01 1.863810673E-01 1.755732997E-01 2.853776654E-01 2.769708698E-01 2.590517760E-01 2.869091662E-01
2.811572658E-01 1.027580204E-01 1.002897735E-01 9.507108969E-02 1.911929067E-01 1.859709623E-01 1.750819744E-01 2.850774994E-01 2.763018004E-01 2.582522688E-01 2.866071385E-01
2.873307334E-01 1.026516581E-01 1.000809288E-01 9.481969590E-02 1.909848992E-01 1.855443307E-01 1.745694629E-01 2.847513513E-01 2.756063133E-01 2.574203699E-01 2.862789783E-01
2.936397539E-01 1.025375445E-01 9.986179150E-02 9.455839638E-02 1.907620316E-01 1.850975837E-01 1.740379412E-01 2.844023566E-01 2.748793844E-01 2.565593439E-01 2.859278377E-01
3.000873038E-01 1.024232077E-01 9.964031303E-02 9.430115804E-02 1.905383278E-01 1.846455047E-01 1.735130091E-01 2.840514532E-01 2.741430428E-01 2.557067708E-01 2.855747674E-01
3.066764248E-01 1.023028902E-01 9.940998946E-02 9.403188905E-02 1.903030340E-01 1.841760352E-01 1.729653579E-01 2.836825419E-01 2.733793813E-01 2.548199217E-01 2.852035806E-01
3.134102254E-01 1.021774991E-01 9.917418237E-02 9.375902318E-02 1.900578254E-01 1.836952606E-01 1.724102402E-01 2.832981009E-01 2.725972146E-01 2.539208740E-01 2.848167687E-01
3.202918824E-01 1.020478660E-01 9.893345759E-02 9.348321202E-02 1.898042360E-01 1.832042521E-01 1.718488811E-01 2.829003973E-01 2.717981743E-01 2.530114784E-01 2.844166105E-01
3.273246424E-01 1.019087902E-01 9.868180529E-02 9.319673368E-02 1.895325469E-01 1.826918817E-01 1.712671003E-01 2.824748730E-01 2.709657583E-01 2.520708857E-01 2.839884686E-01
3.345118231E-01 1.017671607E-01 9.842414160E-02 9.290554104E-02 1.892555905E-01 1.821674675E-01 1.706760315E-01 2.820406861E-01 2.701141308E-01 2.511157839E-01 2.835516046E-01
3.418568152E-01 1.016121485E-01 9.815547227E-02 9.260734721E-02 1.889531460E-01 1.816212581E-01 1.700709081E-01 2.815675726E-01 2.692280472E-01 2.501383048E-01 2.830755900E-01
3.493630838E-01 1.014562036E-01 9.788442336E-02 9.230282163E-02 1.886484207E-01 1.810696213E-01 1.694537323E-01 2.810902047E-01 2.683324111E-01 2.491425754E-01 2.825952843E-01
3.570341702E-01 1.012943025E-01 9.760533569E-02 9.199441698E-02 1.883320238E-01 1.805020879E-01 1.688286024E-01 2.805945109E-01 2.674117126E-01 2.481340114E-01 2.820965394E-01
3.648736933E-01 1.011271850E-01 9.731892260E-02 9.167980370E-02 1.880053159E-01 1.799200079E-01 1.681914146E-01 2.800824963E-01 2.664680058E-01 2.471068475E-01 2.815813707E-01
3.728853515E-01 1.009502427E-01 9.702421741E-02 9.135830743E-02 1.876596774E-01 1.793212872E-01 1.675406789E-01 2.795412381E-01 2.654977199E-01 2.460585181E-01 2.810367849E-01
3.810729245E-01 1.007643877E-01 9.671983747E-02 9.102791850E-02 1.872967884E-01 1.787035658E-01 1.668728889E-01 2.789732169E-01 2.644976718E-01 2.449841511E-01 2.804652755E-01
3.894402748E-01 1.005704501E-01 9.640655570E-02 9.069234196E-02 1.869181769E-01 1.780683114E-01 1.661947459E-01 2.783806851E-01 2.634701023E-01 2.438934545E-01 2.798691067E-01
3.979913500E-01 1.003691812E-01 9.608702846E-02 9.034961539E-02 1.865252233E-01 1.774203165E-01 1.655028281E-01 2.777656753E-01 2.624219344E-01 2.427816763E-01 2.792503215E-01
4.067301841E-01 1.001563859E-01 9.575642454E-02 8.999912238E-02 1.861100753E-01 1.767506756E-01 1.647957707E-01 2.771164073E-01 2.613400274E-01 2.416464667E-01 2.785970754E-01
4.156608998E-01 9.993772711E-02 9.542082537E-02 8.964316661E-02 1.856832809E-01 1.760706874E-01 1.640781175E-01 2.764486280E-01 2.602412096E-01 2.404949858E-01 2.779251999E-01
4.247877103E-01 9.970904794E-02 9.507376628E-02 8.927860142E-02 1.852370582E-01 1.753685865E-01 1.633440053E-01 2.757506616E-01 2.591083508E-01 2.393184901E-01 2.772229558E-01
4.341149214E-01 9.947107803E-02 9.471958498E-02 8.890872524E-02 1.847727466E-01 1.746521267E-01 1.625993913E-01 2.750244783E-01 2.579525347E-01 2.381255985E-01 2.764923231E-01
4.436469333E-01 9.921996773E-02 9.435388694E-02 8.852816073E-02 1.842831356E-01 1.739132283E-01 1.618344746E-01 2.742592542E-01 2.567618739E-01 2.369020155E-01 2.757224188E-01
4.533882428E-01 9.896096748E-02 9.398234118E-02 8.814162995E-02 1.837780052E-01 1.731624247E-01 1.610580864E-01 2.734695907E-01 2.555520585E-01 2.356609743E-01 2.749279228E-01
4.633434457E-01 9.869024487E-02 9.359909455E-02 8.774845760E-02 1.832501768E-01 1.723890970E-01 1.602687777E-01 2.726447116E-01 2.543076809E-01 2.344000399E-01 2.740980002E-01
4.735172384E-01 9.840847505E-02 9.320810053E-02 8.734937804E-02 1.827008882E-01 1.716003005E-01 1.594679457E-01 2.717864364E-01 2.530388122E-01 2.331213483E-01 2.732344796E-01
4.839144207E-01 9.811208873E-02 9.280386895E-02 8.693753473E-02 1.821234506E-01 1.707861001E-01 1.586432335E-01 2.708847199E-01 2.517310764E-01 2.318070825E-01 2.723272609E-01
4.945398974E-01 9.780592821E-02 9.239325629E-02 8.652148652E-02 1.815268852E-01 1.699590689E-01 1.578102230E-01 2.699530340E-01 2.504029477E-01 2.304799645E-01 2.713898887E-01
5.053986814E-01 9.748642445E-02 9.197237796E-02 8.609848371E-02 1.809045044E-01 1.691120926E-01 1.569638183E-01 2.689813369E-01 2.490440033E-01 2.291324401E-01 2.704122660E-01
5.164958956E-01 9.715023885E-02 9.153904684E-02 8.566227904E-02 1.802500496E-01 1.682410557E-01 1.560927939E-01 2.679602277E-01 2.476480500E-01 2.277483740E-01 2.693849405E-01
5.278367751E-01 9.680196744E-02 9.109696093E-02 8.522089323E-02 1.795720854E-01 1.673529940E-01 1.552117419E-01 2.669025007E-01 2.462258208E-01 2.263490307E-01 2.683207756E-01
5.394266702E-01 9.643825626E-02 9.064394733E-02 8.477181708E-02 1.788643262E-01 1.664438237E-01 1.543160240E-01 2.657987177E-01 2.447711782E-01 2.249275534E-01 2.672102814E-01
5.512710486E-01 9.605967618E-02 9.018075450E-02 8.431412463E-02 1.781278196E-01 1.655149975E-01 1.534041370E-01 2.646504223E-01 2.432863888E-01 2.234820298E-01 2.660550094E-01
5.633754982E-01 9.566671737E-02 8.970809005E-02 8.384869023E-02 1.773634641E-01 1.645678916E-01 1.524777416E-01 2.634589378E-01 2.417736050E-01 2.220149904E-01 2.648562899E-01
5.757457294E-01 9.525620992E-02 8.922394261E-02 8.337338490E-02 1.765653201E-01 1.635987394E-01 1.515329102E-01 2.622153488E-01 2.402271879E-01 2.205206414E-01 2.636051588E-01
5.883875781E-01 9.482517009E-02 8.872530754E-02 8.288779858E-02 1.757277962E-01 1.626020924E-01 1.505687479E-01 2.609112624E-01 2.386392416E-01 2.189974693E-01 2.622931772E-01
6.013070082E-01 9.438114821E-02 8.822052836E-02 8.239552709E-02 1.748649907E-01 1.615933955E-01 1.495923279E-01 2.595677826E-01 2.370326784E-01 2.174565664E-01 2.609415637E-01
6.145101147E-01 9.391415352E-02 8.770028265E-02 8.189336722E-02 1.739582203E-01 1.605554445E-01 1.485972292E-01 2.581569132E-01 2.353820814E-01 2.158877171E-01 2.595221698E-01
6.280031264E-01 9.342818034E-02 8.717014171E-02 8.138069196E-02 1.730149423E-01 1.594984577E-01 1.475828352E-01 2.566898190E-01 2.337024719E-01 2.142907998E-01 2.580462209E-01
6.417924088E-01 9.292362545E-02 8.662874289E-02 8.086121090E-02 1.720358934E-01 1.584202769E-01 1.465557575E-01 2.551676040E-01 2.319912048E-01 2.126752527E-01 2.565148272E-01
6.558844673E-01 9.240080897E-02 8.607687844E-02 8.033431624E-02 1.710216706E-01 1.573224458E-01 1.455150744E-01 2.535911684E-01 2.302506938E-01 2.110400087E-01 2.549288939E-01
6.702859500E-01 9.185050621E-02 8.551003655E-02 7.979313259E-02 1.699550304E-01 1.561961591E-01 1.444480707E-01 2.519346873E-01 2.284672266E-01 2.093662545E-01 2.532624557E-01
6.850036510E-01 9.128269596E-02 8.493430802E-02 7.924755636E-02 1.688546337E-01 1.550533230E-01 1.433730191E-01 2.502261389E-01 2.266593999E-01 2.076810037E-01 2.515436435E-01
7.000445138E-01 9.068833218E-02 8.434435178E-02 7.868845209E-02 1.677035785E-01 1.538837537E-01 1.422733213E-01 2.484402233E-01 2.248116912E-01 2.059601177E-01 2.497470202E-01
7.154156339E-01 9.007091917E-02 8.374331974E-02 7.812166511E-02 1.665084315E-01 1.526934703E-01 1.411595826E-01 2.465868139E-01 2.229333079E-01 2.042190104E-01 2.478825137E-01
7.311242631E-01 8.943073024E-02 8.313113992E-02 7.754793334E-02 1.652697246E-01 1.514825650E-01 1.400332324E-01 2.446667506E-01 2.210247281E-01 2.024598964E-01 2.459509690E-01
7.471778121E-01 8.876218076E-02 8.250425217E-02 7.696126023E-02 1.639770426E-01 1.502443984E-01 1.388835000E-01 2.426644800E-01 2.190760503E-01 2.006672937E-01 2.439367492E-01
7.635838544E-01 8.806570285E-02 8.186513854E-02 7.636482543E-02 1.626312268E-01 1.489834253E-01 1.377160660E-01 2.405813267E-01 2.170936867E-01 1.988493354E-01 2.418411871E-01
7.803501299E-01 8.734445109E-02 8.121520919E-02 7.575974974E-02 1.612382159E-01 1.477026825E-01 1.365333353E-01 2.384262645E-01 2.150827712E-01 1.970100524E-01 2.396733067E-01
7.974845483E-01 8.659307244E-02 8.055112579E-02 7.514449691E-02 1.597880499E-01 1.463959670E-01 1.353322686E-01 2.361844581E-01 2.130340861E-01 1.951446761E-01 2.374181936E-01
8.149951931E-01 8.581193116E-02 7.987452084E-02 7.451906358E-02 1.582814671E-01 1.450662959E-01 1.341130605E-01 2.338571167E-01 2.109521079E-01 1.932537823E-01 2.350770652E-01
8.328903252E-01 8.500132642E-02 7.918558545E-02 7.388526476E-02 1.567190934E-01 1.437142570E-01 1.328790143E-01 2.314452946E-01 2.088380560E-01 1.913421893E-01 2.326509836E-01
8.511783869E-01 8.415888259E-02 7.848386993E-02 7.324020454E-02 1.550965643E-01 1.423389637E-01 1.316250937E-01 2.289425868E-01 2.066905487E-01 1.894028961E-01 2.301335113E-01
8.698680060E-01 8.328491539E-02 7.776964247E-02 7.258655236E-02 1.534145574E-01 1.409411476E-01 1.303560650E-01 2.263501589E-01 2.045110178E-01 1.874427216E-01 2.275258226E-01
8.889679994E-01 8.237462776E-02 7.704063007E-02 7.192049237E-02 1.516642067E-01 1.395165198E-01 1.290650841E-01 2.236549027E-01 2.022930020E-01 1.854518423E-01 2.248147411E-01
9.084873781E-01 8.143346384E-02 7.630040120E-02 7.124690291E-02 1.498557987E-01 1.380721184E-01 1.277612242E-01 2.208724098E-01 2.000475546E-01 1.834437521E-01 2.220159462E-01
9.284353505E-01 8.045670222E-02 7.554729127E-02 7.056288982E-02 1.479806353E-01 1.366046804E-01 1.264392274E-01 2.179898648E-01 1.977695900E-01 1.814108080E-01 2.191165563E-01
9.488213275E-01 7.944231849E-02 7.478044725E-02 6.986763778E-02 1.460350751E-01 1.351127253E-01 1.250976761E-01 2.150020498E-01 1.954570634E-01 1.793510408E-01 2.161113293E-01
9.696549264E-01 7.839315190E-02 7.400160367E-02 6.916396024E-02 1.440245766E-01 1.335998332E-01 1.237418303E-01 2.119173875E-01 1.931158069E-01 1.772723085E-01 2.130087374E-01
9.909459759E-01 7.730487036E-02 7.320925387E-02 6.844928207E-02 1.419412201E-01 1.320630754E-01 1.223670371E-01 2.087243062E-01 1.907412908E-01 1.751678826E-01 2.097971511E-01
1.012704520E+00 7.617806120E-02 7.240394494E-02 6.772525556E-02 1.397830382E-01 1.305037002E-01 1.209763281E-01 2.054194660E-01 1.883357014E-01 1.730422140E-01 2.064786940E-01
1.034940825E+00 7.501400628E-02 7.158668779E-02 6.699164483E-02 1.375370330E-01 1.289237075E-01 1.195695418E-01 2.019815258E-01 1.859021836E-01 1.708954364E-01 2.030555073E-01
1.057665379E+00 7.381014832E-02 7.075525346E-02 6.624734521E-02 1.351988268E-01 1.273190594E-01 1.181445596E-01 1.984041346E-01 1.834348849E-01 1.687243167E-01 1.995173625E-01
1.080888905E+00 7.257081634E-02 6.991271975E-02 6.549390385E-02 1.327775869E-01 1.256955161E-01 1.167044836E-01 1.947019903E-01 1.809424247E-01 1.665337622E-01 1.958732797E-01
1.104622357E+00 7.129594764E-02 6.905773282E-02 6.473179588E-02 1.302747681E-01 1.240508627E-01 1.152501019E-01 1.908781164E-01 1.784219279E-01 1.643248148E-01 1.921199655E-01
1.128876933E+00 6.998358364E-02 6.818873232E-02 6.395797796E-02 1.276886669E-01 1.223822281E-01 1.137760994E-01 1.869307044E-01 1.758691680E-01 1.620900373E-01 1.882488162E-01
1.153664076E+00 6.863827993E-02 6.730836789E-02 6.317603889E-02 1.250293602E-01 1.206946605E-01 1.122889774E-01 1.828756846E-01 1.732918142E-01 1.598388512E-01 1.842695872E-01
1.178995478E+00 6.726044414E-02 6.641624160E-02 6.238502259E-02 1.222992426E-01 1.189875423E-01 1.107871569E-01 1.787175246E-01 1.706891136E-01 1.575691714E-01 1.801804753E-01
1.204883091E+00 6.585068444E-02 6.551234539E-02 6.158413979E-02 1.195011310E-01 1.172609055E-01 1.092693592E-01 1.744613196E-01 1.680611741E-01 1.552793433E-01 1.759803544E-01
1.231339126E+00 6.440981107E-02 6.459551679E-02 6.077395131E-02 1.166387685E-01 1.155129569E-01 1.077365610E-01 1.701132865E-01 1.654058261E-01 1.529707246E-01 1.716688158E-01
1.258376067E+00 6.294071417E-02 6.366786726E-02 5.995512756E-02 1.137187152E-01 1.137474994E-01 1.061901489E-01 1.656843154E-01 1.627285466E-01 1.506455498E-01 1.672515479E-01
1.286006666E+00 6.144447656E-02 6.272891339E-02 5.912706159E-02 1.107452184E-01 1.119638400E-01 1.046291721E-01 1.611813335E-01 1.600285765E-01 1.483026315E-01 1.627293747E-01
1.314243961E+00 5.992237991E-02 6.177830353E-02 5.829031676E-02 1.077223889E-01 1.101615222E-01 1.030546232E-01 1.566112852E-01 1.573054931E-01 1.459433632E-01 1.581039659E-01
1.343101271E+00 5.837764533E-02 6.081754499E-02 5.744531336E-02 1.046579347E-01 1.083433787E-01 1.014674784E-01 1.519863910E-01 1.545635324E-01 1.435694349E-01 1.533828819E-01
1.372592212E+00 5.681011128E-02 5.984536506E-02 5.659138249E-02 1.015582287E-01 1.065071892E-01 9.986649901E-02 1.473097587E-01 1.517995814E-01 1.411790066E-01 1.485643927E-01
1.402730695E+00 5.522493998E-02 5.886405928E-02 5.573025091E-02 9.844008537E-02 1.046573554E-01 9.825501834E-02 1.425985451E-01 1.490203376E-01 1.387771661E-01 1.436625069E-01
1.433530939E+00 5.362229307E-02 5.787270236E-02 5.486100201E-02 9.530467461E-02 1.027922310E-01 9.663140532E-02 1.378566703E-01 1.462234398E-01 1.363615769E-01 1.386773641E-01
1.465007475E+00 5.200424980E-02 5.687126229E-02 5.398368528E-02 9.215642940E-02 1.009119293E-01 9.499583878E-02 1.330929297E-01 1.434092676E-01 1.339326017E-01 1.336151525E-01
1.497175152E+00 5.037456707E-02 5.586128956E-02 5.309948944E-02 8.900265651E-02 9.901934903E-02 9.335055398E-02 1.283202004E-01 1.405821253E-01 1.314935705E-01 1.284875420E-01
1.530049146E+00 4.873550680E-02 5.484298598E-02 5.220848921E-02 8.584812109E-02 9.711496725E-02 9.169576698E-02 1.235473853E-01 1.377428338E-01 1.290448857E-01 1.233025290E-01
1.563644966E+00 4.708805987E-02 5.381523544E-02 5.130978764E-02 8.269527493E-02 9.519694378E-02 9.002994201E-02 1.187799654E-01 1.348889483E-01 1.265844230E-01 1.180650697E-01
1.597978461E+00 4.543764629E-02 5.278101616E-02 5.040543477E-02 7.955387657E-02 9.327067595E-02 8.835689240E-02 1.140342814E-01 1.320282695E-01 1.241178144E-01 1.127937943E-01
1.633065828E+00 4.378546207E-02 5.173916728E-02 4.949503899E-02 7.642675630E-02 9.133427042E-02 8.667590515E-02 1.093159170E-01 1.291583077E-01 1.216440052E-01 1.074957341E-01
1.668923621E+00 4.213427117E-02 5.069044278E-02 4.857846757E-02 7.331890236E-02 8.938910452E-02 8.498689131E-02 1.046339782E-01 1.262810477E-01 1.191630414E-01 1.021832630E-01
1.705568755E+00 4.048692560E-02 4.963520332E-02 4.765625037E-02 7.023569731E-02 8.743595942E-02 8.329083435E-02 9.999757336E-02 1.233977626E-01 1.166763568E-01 9.686977874E-02
1.743018520E+00 3.884634763E-02 4.857412641E-02 4.672874912E-02 6.718236665E-02 8.547610781E-02 8.158844992E-02 9.541562104E-02 1.205103272E-01 1.141850431E-01 9.156963620E-02
1.781290582E+00 3.721664249E-02 4.750858635E-02 4.579707696E-02 6.416602155E-02 8.351214696E-02 7.988182327E-02 9.089978685E-02 1.176226138E-01 1.116921828E-01 8.630137302E-02
1.820402997E+00 3.559958973E-02 4.643818010E-02 4.486107598E-02 6.118982226E-02 8.154343957E-02 7.817066556E-02 8.645542276E-02 1.147337890E-01 1.091973319E-01 8.107735939E-02
1.860374217E+00 3.399820575E-02 4.536381260E-02 4.392091959E-02 5.825878779E-02 7.957161579E-02 7.645539930E-02 8.209069458E-02 1.118461694E-01 1.067012147E-01 7.591418465E-02
1.901223099E+00 3.241648810E-02 4.428693055E-02 4.297806332E-02 5.537957344E-02 7.759936533E-02 7.473863955E-02 7.781594288E-02 1.089637051E-01 1.042075624E-01 7.083175801E-02
1.942968914E+00 3.085632602E-02 4.320742688E-02 4.203208444E-02 5.255514201E-02 7.562653343E-02 7.301969766E-02 7.363579393E-02 1.060861881E-01 1.017154500E-01 6.584421313E-02
1.985631356E+00 2.932063844E-02 4.212610272E-02 4.108368576E-02 4.979008048E-02 7.365459470E-02 7.129983659E-02 6.955718127E-02 1.032157479E-01 9.922666608E-02 6.096890024E-02
2.029230552E+00 2.781226698E-02 4.104378956E-02 4.013345983E-02 4.708874716E-02 7.168506677E-02 6.958014182E-02 6.558651780E-02 1.003545599E-01 9.674276890E-02 5.622298258E-02
2.073787071E+00 2.633314076E-02 3.996061703E-02 3.918132265E-02 4.445385832E-02 6.971819949E-02 6.786049198E-02 6.172768109E-02 9.750296850E-02 9.426359473E-02 5.162092627E-02
2.119321933E+00 2.488755042E-02 3.887888858E-02 3.822924590E-02 4.189205859E-02 6.775814241E-02 6.614442122E-02 5.799000392E-02 9.466691114E-02 9.179417857E-02 4.718340557E-02
2.165856620E+00 2.347566279E-02 3.779751813E-02 3.727595442E-02 3.940291618E-02 6.580290967E-02 6.442966420E-02 5.437254340E-02 9.184345464E-02 8.933127374E-02 4.291913278E-02
2.213413085E+00 2.210141791E-02 3.671876609E-02 3.632352214E-02 3.699234296E-02 6.385656404E-02 6.271989811E-02 5.088323348E-02 8.903839801E-02 8.688006899E-02 3.884637162E-02
2.262013763E+00 2.076630336E-02 3.564299155E-02 3.537195018E-02 3.466200390E-02 6.191970160E-02 6.101513910E-02 4.752387287E-02 8.625249747E-02 8.444057654E-02 3.497568497E-02
2.311681584E+00 1.947237537E-02 3.457116305E-02 3.442208464E-02 3.241449584E-02 5.999402805E-02 5.931685599E-02 4.429742500E-02 8.348812084E-02 8.201481271E-02 3.131793950E-02
2.362439978E+00 1.822090370E-02 3.350375769E-02 3.347406060E-02 3.025106472E-02 5.808033306E-02 5.762528761E-02 4.120485878E-02 8.074627964E-02 7.960308698E-02 2.788059652E-02
2.414312892E+00 1.701360938E-02 3.244186158E-02 3.252878626E-02 2.817366335E-02 5.618049320E-02 5.594199813E-02 3.824804393E-02 7.802953708E-02 7.720753260E-02 2.467067642E-02
2.467324798E+00 1.585196712E-02 3.138652391E-02 3.158709939E-02 2.618382753E-02 5.429631678E-02 5.426843213E-02 3.542815741E-02 7.534035607E-02 7.483011968E-02 2.169280437E-02
2.521500704E+00 1.473673343E-02 3.033829931E-02 3.064927382E-02 2.428186975E-02 5.242871141E-02 5.260504703E-02 3.274463904E-02 7.267989234E-02 7.247143424E-02 1.894811578E-02
2.576866169E+00 1.366896793E-02 2.929835331E-02 2.971625727E-02 2.246861480E-02 5.057964284E-02 5.095345080E-02 3.019755916E-02 7.005077258E-02 7.013364005E-02 1.643656024E-02
2.633447313E+00 1.264946067E-02 2.826779848E-02 2.878889231E-02 2.074444365E-02 4.875098147E-02 4.931507749E-02 2.778633479E-02 6.745548707E-02 6.781866958E-02 1.415554862E-02
2.691270829E+00 1.167836296E-02 2.724720821E-02 2.786760354E-02 1.910869233E-02 4.694365354E-02 4.769061139E-02 2.550893040E-02 6.489520259E-02 6.552738267E-02 1.209936593E-02
2.750363996E+00 1.075567506E-02 2.623731415E-02 2.695294172E-02 1.756048339E-02 4.515881935E-02 4.608093569E-02 2.336299300E-02 6.237136185E-02 6.326089216E-02 1.026037386E-02
2.810754692E+00 9.881552184E-03 2.523925209E-02 2.604575417E-02 1.609920956E-02 4.339836383E-02 4.448748142E-02 2.134655075E-02 5.988644649E-02 6.102111398E-02 8.629657337E-03
2.872471408E+00 9.055594221E-03 2.425373244E-02 2.514663675E-02 1.472339417E-02 4.166340675E-02 4.291119475E-02 1.945645152E-02 5.744184116E-02 5.880923140E-02 7.195979592E-03
2.935543259E+00 8.277506647E-03 2.328189727E-02 2.425654573E-02 1.343176599E-02 3.995581321E-02 4.135365560E-02 1.768984014E-02 5.503996437E-02 5.662732021E-02 5.947163688E-03
3.000000000E+00 7.546504264E-03 2.232447758E-02 2.337601103E-02 1.222230103E-02 3.827671499E-02 3.981570087E-02 1.604287300E-02 5.268219134E-02 5.447641975E-02 4.869458989E-03